0.11741805076599
0.13933181762695
0.12789607048035
0.12619590759277
0.13996195793152
0.11765599250793
0.38896489143372
0.13328504562378
0.12477898597717
0.22210788726807
0.13799500465393
0.12197399139404
0.1158709526062
0.36935091018677
0.1245391368866
0.1165030002594
0.15627908706665
0.12577700614929
0.11973404884338
0.13705086708069
0.17527103424072
0.13707900047302
0.12677121162415
0.12453508377075
0.13128304481506
0.13745594024658
0.13044404983521
0.13258409500122
0.13471698760986
0.12746405601501
0.3663489818573
0.11406683921814
0.13584899902344
0.11973285675049
0.13411092758179
0.12295389175415
0.12804508209229
0.1250638961792
0.15493297576904
0.12755107879639
0.12326502799988
0.14734697341919
0.13467884063721
0.12010598182678
0.17287492752075
0.11934494972229
0.12053394317627
0.1266930103302
0.37099385261536
0.12959504127502
0.11908388137817
0.119295835495
0.12554502487183
0.1366548538208
0.12613701820374
0.13717412948608
0.12036514282227
0.11419200897217
0.14294004440308
0.11644220352173
0.15503597259521
0.13702511787415
0.14370489120483
0.12960910797119
0.14260816574097
0.121906042099
0.12655401229858
0.1329870223999
0.36937093734741
0.12764286994934
0.1329550743103
0.14046192169189
0.12782788276672
0.17871689796448
0.12556505203247
0.120854139328
0.41034603118896
0.40433597564697
0.11784601211548
0.12511992454529
0.13565301895142
0.12542700767517
0.13177394866943
0.14465713500977
0.13253378868103
0.13220500946045
0.12789797782898
0.12658596038818
0.13988900184631
0.12194204330444
0.16251611709595
0.13887715339661
0.12000393867493
0.13231897354126
0.11769700050354
0.13092494010925
0.12225413322449
0.12950396537781
0.12744688987732
0.13986492156982
0.12414693832397
0.12267303466797
0.13631510734558
0.12163305282593
0.13415598869324
0.13290810585022
0.12992000579834
0.15963101387024
0.15601587295532
0.12671113014221
0.14164710044861
0.13433885574341
0.36743903160095
0.12488698959351
0.37328815460205
0.1264488697052
0.13751101493835
0.12319993972778
0.15324091911316
0.1183750629425
0.12297701835632
0.12349700927734
0.13139200210571
0.17082095146179
0.12203907966614
0.12648606300354
0.11865901947021
0.15793204307556
0.11774110794067
0.12213087081909
0.11613917350769
0.16988110542297
0.10595178604126
0.13907504081726
0.14184713363647
0.13599419593811
0.11769890785217
0.12804293632507
0.12631297111511
0.12452101707458
0.365149974823
0.1232898235321
0.12868595123291
0.13624596595764
0.12328004837036
0.15764021873474
0.13752102851868
0.13447403907776
0.14389896392822
0.12105798721313
0.13180303573608
0.13512086868286
0.13604807853699
0.14306092262268
0.113126039505
0.11187410354614
0.12443399429321
0.13891696929932
0.1204948425293
0.12148404121399
0.11735010147095
0.15275192260742
0.11955499649048
0.13108897209167
0.12837696075439
0.14491701126099
0.12026381492615
0.11563181877136
0.12704682350159
0.11687898635864
0.1422278881073
0.14138603210449
0.14454197883606
0.13467788696289
0.1524019241333
0.13316082954407
0.37335801124573
0.12897300720215
0.12154197692871
0.40281796455383
0.11802887916565
0.15236806869507
0.14064407348633
0.12973117828369
0.12438011169434
0.1357090473175
0.13818502426147
0.12434077262878
0.12374496459961
0.40615105628967
0.17641687393188
0.14266896247864
0.13294720649719
0.11513304710388
0.11394906044006
0.12952995300293
0.13751602172852
0.11802005767822
0.11685919761658
0.15797090530396
0.10585403442383
0.12234306335449
0.12982678413391
0.13492512702942
0.36732196807861
0.14055585861206
0.13732695579529
0.47220396995544
0.11711597442627
0.13267087936401
0.13065505027771
0.36082601547241
0.20632004737854
0.14461302757263
0.15533399581909
0.12899398803711
0.11997699737549
0.1394248008728
0.14174699783325
0.14258503913879
0.12203311920166
0.12836599349976
0.37206983566284
0.17115902900696
0.1470410823822
0.12297701835632
0.35280513763428
0.11790609359741
0.14582705497742
0.12684297561646
0.15052604675293
0.11929893493652
0.15066313743591
0.12863397598267
0.34971308708191
0.12955594062805
0.12568402290344
0.12192916870117
0.14420294761658
0.12885499000549
0.13234090805054
0.14623188972473
0.35521912574768
0.14720296859741
0.12484502792358
0.13161301612854
0.12725901603699
0.13133716583252
0.3822910785675
0.13567209243774
0.13137793540955
0.12010788917542
0.14260387420654
0.12638306617737
0.13824987411499
0.13707995414734
0.11926913261414
0.17942404747009
0.14368796348572
0.17659592628479
0.35328698158264
0.13304495811462
0.13448691368103
0.12353801727295
0.13964796066284
0.12795495986938
0.13788914680481
0.16011309623718
0.12379598617554
0.16701292991638
0.13644313812256
0.12989115715027
0.17048907279968
0.1215078830719
0.83313393592834
0.17967915534973
0.13985109329224
0.13669490814209
0.37211799621582
0.11799502372742
0.13394212722778
0.15664505958557
0.12694907188416
0.13368391990662
0.44506502151489
0.13092017173767
0.13363695144653
0.13564896583557
0.12720108032227
0.14683198928833
0.11832690238953
0.12918019294739
0.12699389457703
